3.63295073949
3.63295073949
1.81830296445
4.46715906139
2.72631099391
4.46715906139
2.72631099391
3.576334375
0.924045352773
1.81830296445
3.63295073949
2.72631099391
2.72631099391
2.72631099391
2.72631099391
2.72631099391
4.46715906139
2.72631099391
4.46715906139
2.72631099391
3.63295073949
2.72631099391
2.72631099391
1.81830296445
2.72631099391
1.81830296445
1.81830296445
2.72631099391
2.72631099391
4.46715906139
2.72631099391
3.576334375
1.81830296445
3.63295073949
2.72631099391
2.72631099391
2.72631099391
2.72631099391
3.63295073949
4.46715906139
2.72631099391
2.72631099391
2.72631099391
2.72631099391
4.46715906139
2.72631099391
4.46715906139
2.72631099391
2.72631099391
2.72631099391
1.81830296445
3.63295073949
2.72631099391
2.72631099391
2.72631099391
2.72631099391
4.46715906139
2.72631099391
2.72631099391
2.72631099391
4.46715906139
4.46715906139
4.46715906139
2.72631099391
2.72631099391
2.72631099391
4.46715906139
2.72631099391
4.46715906139
5.35582504286
3.63295073949
4.46715906139
3.63295073949
1.81830296445
2.72631099391
4.46715906139
2.72631099391
4.46715906139
5.35582504286
2.72631099391
2.72631099391
2.72631099391
4.46715906139
1.81830296445
2.72631099391
4.46715906139
2.72631099391
4.46715906139
2.72631099391
2.72631099391
2.72631099391
2.72631099391
4.46715906139
4.46715906139
1.81830296445
2.72631099391
2.72631099391
2.72631099391
2.72631099391
2.72631099391
2.72631099391
2.72631099391
1.81830296445
2.72631099391
2.72631099391
2.72631099391
2.72631099391
2.72631099391
2.72631099391
2.72631099391
1.81830296445
4.46715906139
2.72631099391
2.72631099391
2.72631099391
2.72631099391
4.46715906139
2.72631099391
2.72631099391
2.72631099391
2.72631099391
1.81830296445
2.72631099391
1.81830296445
4.46715906139
2.72631099391
1.81830296445
4.46715906139
2.72631099391
4.46715906139
4.46715906139
2.72631099391
2.72631099391
1.81830296445
1.81830296445
1.81830296445
2.72631099391
3.576334375
2.72631099391
2.72631099391
2.72631099391
2.72631099391
1.81830296445
2.72631099391
1.81830296445
1.81830296445
4.46715906139
1.81830296445
2.72631099391
2.72631099391
2.72631099391
2.72631099391
2.72631099391
2.72631099391
1.81830296445
2.72631099391
2.72631099391
2.72631099391
2.72631099391
2.72631099391
2.72631099391
2.72631099391
1.81830296445
2.72631099391
1.81830296445
2.72631099391
1.81830296445
13.3924977538
nan
nan
nan
72.9622322044
72.9622322044
nan
nan
27.3498757801
16.189206257
16.189206257
22.619864948
24.5901171662
29.3100070709
30.5102374061
34.4183644791
34.4183644791
37.5685920288
41.2686030008
43.7546357332
44.3704013916
48.7313969992
53.6525417911
55.5816355209
57.9946167919
58.7362683056
60.2551187031
62.6501242199
62.6501242199
63.8247100182
64.6120937089
64.6120937089
64.6120937089
64.6120937089
64.2306723757
64.6120937089
64.6120937089
63.4349488229
62.6501242199
61.460014812
58.7362683056
56.309932474
55.5816355209
53.1301023542
52.4314079712
51.2034479017
45.0
43.152389734
37.5685920288
30.5102374061
26.5650511771
24.5901171662
18.9966541555
15.3332847931
13.6005425167
10.7842978676
10.9540626434
3.63295073949
0.909380449199
1.81830296445
3.63295073949
9.90418321297
14.2500326978
17.8786965958
20.6589100633
21.8014094864
29.6383836882
31.5513849483
33.690067526
35.8376529543
36.8698976458
39.3517526263
45.0
48.0774553994
49.3044689605
52.4314079712
56.309932474
57.9946167919
59.0362434679
59.808377039
61.460014812
62.6501242199
65.4098828338
66.2179695768
68.0394359799
69.6467708519
71.5650511771
72.1213034042
72.1213034042
72.1213034042
72.1213034042
71.8472941133
71.5650511771
69.8636965718
68.702645951
67.380135052
63.838433558
59.808377039
58.7362683056
57.5288077092
56.7934296849
54.3601908019
52.4314079712
46.8881880067
45.0
41.9225446006
40.0302592719
37.7249950421
31.7236029577
28.539985188
27.3498757801
26.1752899818
18.9966541555
17.0377677956
11.8420761153
11.6592926535
5.44033203101
1.81830296445
0.895173710211
4.53777250791
7.23692202597
9.01932243138
18.1527058867
18.9966541555
19.8321298502
24.5901171662
27.3498757801
29.3100070709
31.7236029577
36.3474582089
38.7965520983
43.152389734
46.847610266
48.1449574647
53.1301023542
54.3601908019
55.0805979875
57.5288077092
58.7362683056
60.2551187031
61.460014812
62.6501242199
62.2414593989
64.9831065219
64.6120937089
64.6120937089
64.6120937089
64.6120937089
63.4349488229
63.8247100182
61.460014812
59.4897625939
57.9946167919
55.0805979875
56.0702025779
51.8924231225
50.6482473737
46.2453642668
43.7546357332
40.6955310395
38.7965520983
34.4183644791
33.2065703151
29.3100070709
26.5650511771
24.5901171662
19.8321298502
15.3332847931
14.4702941001
6.34019174591
1.81830296445
3.576334375
5.35582504286
9.90418321297
14.2500326978
16.7826441453
17.8786965958
20.6589100633
23.8752808539
28.539985188
32.2756443146
33.690067526
35.8376529543
36.8698976458
40.1354855622
45.0
46.2453642668
49.3044689605
51.8924231225
53.8418145602
57.0507848834
58.2763970423
59.1842942483
60.6899929291
61.8762646167
63.4349488229
63.4349488229
64.6120937089
65.4098828338
65.4098828338
66.2179695768
67.8645081219
68.1985905136
69.0265065787
69.0265065787
68.8387401832
69.0265065787
69.3410899367
69.3410899367
69.0265065787
69.3410899367
68.5232090205
68.1985905136
64.6120937089
61.0323393539
59.4897625939
57.7243556854
51.3401917459
49.3044689605
46.2188752351
44.3839400916
40.6955310395
37.5685920288
34.4183644791
31.7236029577
28.8865817669
24.9627898308
18.9966541555
15.5725435968
11.8420761153
10.6196552762
3.576334375
0.895173710211
5.44033203101
9.01932243138
13.6005425167
18.1527058867
20.9734934213
21.8014094864
25.3879062911
29.3100070709
34.4183644791
34.4183644791
36.3474582089
40.0302592719
43.152389734
46.2453642668
48.0774553994
48.7313969992
49.9697407281
54.8658069431
53.8418145602
56.309932474
58.7362683056
59.9314171781
60.2551187031
62.2414593989
62.2414593989
63.4349488229
63.4349488229
63.0342855671
64.6120937089
64.6120937089
63.0342855671
64.6120937089
63.4349488229
62.6501242199
60.2551187031
58.7362683056
57.5288077092
54.3601908019
54.3601908019
53.6525417911
50.6482473737
48.0774553994
45.0
41.2686030008
37.5685920288
34.4183644791
33.2065703151
31.2637316944
29.3100070709
24.5901171662
16.189206257
15.3332847931
12.7243556854
9.01932243138
5.44033203101
0.0
3.576334375
5.35582504286
8.00472885729
15.3332847931
15.5725435968
18.1527058867
21.8014094864
25.3879062911
30.5102374061
32.4711922908
34.9194020125
36.8698976458
42.510447078
45.0
46.2453642668
48.7313969992
52.4314079712
54.3601908019
57.0507848834
58.2763970423
59.9314171781
60.6899929291
61.8762646167
63.8247100182
64.2306723757
65.772254682
66.2179695768
67.380135052
67.7144123532
67.380135052
68.1985905136
68.1985905136
69.0265065787
69.0265065787
69.0265065787
69.0265065787
69.0265065787
69.0265065787
69.0265065787
69.0265065787
65.8544580396
60.6899929291
58.7362683056
56.7934296849
54.3601908019
48.7313969992
43.7546357332
41.8550425353
36.8698976458
33.690067526
31.7236029577
29.3100070709
28.1237353833
23.8752808539
15.1010981614
9.90418321297
6.24191434742
8.13010235416
15.3332847931
18.1527058867
18.9966541555
22.619864948
27.3498757801
33.2065703151
34.4183644791
37.0424747731
39.4724598483
41.9225446006
45.6160599084
48.7313969992
49.9697407281
54.3601908019
55.5816355209
56.309932474
57.5288077092
59.9314171781
61.0323393539
62.6501242199
63.8247100182
63.4349488229
63.4349488229
63.0342855671
64.6120937089
64.6120937089
64.9831065219
63.4349488229
62.6501242199
59.0362434679
57.9946167919
54.3601908019
54.1623470457
48.8140748343
48.7313969992
45.6160599084
43.7546357332
41.9225446006
37.5685920288
34.4183644791
31.2637316944
29.3100070709
26.5650511771
21.8014094864
20.9734934213
18.1527058867
13.6005425167
8.13010235416
5.44033203101
0.895173710211
0.909380449199
5.35582504286
7.23692202597
14.2500326978
15.3332847931
18.9966541555
18.4349488229
26.1752899818
30.3791260114
32.4711922908
34.4183644791
35.8376529543
43.152389734
46.847610266
49.7636416907
50.5275401517
52.4314079712
56.309932474
59.6208739886
60.3616163118
61.82140989
63.0478210688
64.2306723757
64.9831065219
66.2179695768
66.5713071913
67.0362269401
67.7144123532
68.1985905136
68.5232090205
69.3410899367
69.3410899367
69.6467708519
69.5504523892
69.3410899367
69.3410899367
69.3410899367
69.3410899367
69.0265065787
66.5713071913
61.8762646167
59.1842942483
56.0702025779
50.5275401517
48.0774553994
46.193489424
44.3969088056
40.1354855622
34.6409475119
28.539985188
21.8014094864
18.1527058867
17.0377677956
11.8420761153
11.6592926535
5.44033203101
1.78991060825
4.53777250791
9.01932243138
18.9966541555
18.9966541555
21.8014094864
28.539985188
32.4711922908
33.2065703151
35.6398091981
36.8698976458
40.6955310395
43.7546357332
46.2453642668
49.3044689605
52.9575252269
56.7934296849
59.1842942483
59.4897625939
60.2551187031
61.460014812
62.6501242199
62.2414593989
63.4349488229
63.4349488229
63.0342855671
64.6120937089
62.6222972287
63.0342855671
63.4349488229
62.6501242199
60.6899929291
58.7362683056
55.5816355209
54.3601908019
51.8924231225
48.7313969992
45.6160599084
43.7546357332
41.9225446006
38.1075768775
37.5685920288
35.1341930569
31.2637316944
26.5650511771
21.8014094864
18.9966541555
15.3332847931
13.6005425167
9.01932243138
0.895173710211
0.895173710211
1.81830296445
6.24191434742
10.7842978676
16.189206257
21.4767909795
26.9521789312
28.539985188
31.2637316944
33.690067526
34.9194020125
36.8698976458
42.510447078
44.3704013916
48.0774553994
50.5275401517
52.4314079712
54.8658069431
57.7243556854
59.4897625939
61.0323393539
63.0342855671
63.8247100182
64.2306723757
65.4098828338
65.8544580396
67.0362269401
67.380135052
67.8645081219
68.5232090205
68.702645951
68.702645951
69.3410899367
69.3410899367
69.3410899367
69.3410899367
69.0265065787
69.0265065787
69.3410899367
68.702645951
66.5713071913
60.6899929291
57.5288077092
53.6525417911
51.0724564072
48.0774553994
45.6030911944
43.7546357332
40.7858214773
37.0424747731
34.6409475119
30.8157057517
28.1237353833
21.8014094864
17.0377677956
13.6005425167
11.8420761153
9.01932243138
3.576334375
1.78991060825
4.53777250791
3.576334375
8.13010235416
11.6592926535
18.1527058867
21.8014094864
